1 1742128406.564
2 1742128408.565
3 1742128410.567
4 1742128412.569
5 1742128414.571
6 1742128416.572
7 1742128418.574
8 1742128420.575
9 1742128422.577
10 1742128424.578
11 1742128426.58
12 1742128428.581
13 1742128430.583
14 1742128432.586
15 1742128434.588
16 1742128436.589
17 1742128438.591
18 1742128440.593
19 1742128442.595
20 1742128444.597
21 1742128446.598
22 1742128448.6
23 1742128450.602
24 1742128452.604
25 1742128454.606
26 1742128456.608
27 1742128458.61
28 1742128460.612
29 1742128462.614
30 1742128464.615
31 1742128466.62
32 1742128468.621
33 1742128470.624
34 1742128472.625
35 1742128474.627
36 1742128476.63
37 1742128478.631
38 1742128480.632
39 1742128482.633
40 1742128484.636
41 1742128486.639
42 1742128488.641
43 1742128490.645
44 1742128492.646
45 1742128494.648
46 1742128496.652
47 1742128498.653
48 1742128500.656
49 1742128502.657
50 1742135701.339
51 1742135703.34
52 1742135705.343
53 1742135707.344
54 1742135709.347
55 1742138083.799
56 1742138085.8
57 1742138087.937
58 1742138089.939
59 1742138091.941
60 1742138093.942
61 1742138095.944
62 1742138097.945
63 1742138099.948
64 1742138101.949
65 1742138103.95
66 1742138105.953
67 1742138107.954
68 1742138109.955
